2152305
1980275
2241968
2280537
2182676
2185228
2296330
1929809
1894545
2117580
2167834
2058932
1871036
2021223
2259597
2067382
2120056
2198701
2614352
1759148
2025543
2120796
2174756
2106807
2048694
2244430
2622855
2357444
2461647
2393217
2554259
2151014
2192824
2480859
2519671
2483269
2504396
2354769
2496628
2336956
2691359
2732331
2515581
2389524
2465526
2499190
2609192
2565275
2508495
2438732
2821209
2779798
2688035
2872247
2855237
2527827
2520037
2668066
2573499
2609491
2746656
2547840
2616584
2660653
2971727
2801883
3014247
2839193
2576168
2972796
2579712
2670082
2637244
2638151
2948946
2653314
3268558
2848436
3212254
2862900
3033010
3106360
3257846
3044445
2997902
2836429
3278000
3316110
3434404
3535257
3877674
3225637
3347801
3301479
3517832
3529093
3472786
3337683
3849562
3940155
3963313
3733374
4082450
3600476
3772992
3574702
3841861
3869507
3635796
3610679
4078863
3868524
4029668
4147682
4148801
3984367
3883530
4031791
4152089
4085695
4140814
3934329
4309005
4102435
4512393
4145292
4674043
4195141
4250470
4583962
4359106
4182474
4418392
3980919
4357177
4570204
5030468
4792329
4776256
4482181
3891372
4324144
3682236
3503567
3384937
3240128
3396873
3496907
3710340
3427920
4050125
3785366
3485523
3648865
3603343
3750392
3382338
3265074
3577938
3422539
3583416
3760360
4058329
3668708
3763391
3940015
3801661
3764117
3873885
3862200
3632772
3556343
3971383
3809821
3965122
3776005
3593451
3425477
3627995
3196871
3285986
3361550
3448693
3639439
3725796
3976862
3749668
3623492
3617562
3532194
3309129
3300073
3358952
2905549
3558510
3470827
3858869
3928680
4036411
3749146
3744216
3449383
3271234
3102549
3464273
3569400
3746910
3771960
3962106
4033106
4607405
3941710
3896256
4305145
3748910
3299673
3536371
3135222
3926636
4165915
4476813
4171063
4060603
3510180
4184832
3809709
4020620
4051778
3460460
3409516
4306381
4066982
4552627
4528030
4751663
4092473
4016240
4028067
3577129
3863434
3674363
5116072
5269986
4367797
5453931
4968690
5865198
5564156
5268240
5439569
5353370
5093983
5659375
5111921
5788943
5350301
6063046
5720358
6626698
5359590
5173389
6036928
5311022
5659337
