144.66
133.479
143.624
139.989
141.247
141.426
139.79
146.293
136.022
145.05
138.703
144.92
146.385
126.849
134.954
131.209
134.477
130.679
137.416
139.992
136.58
144.687
143.504
143.716
148.329
135.627
148.793
140.349
141.692
140.004
146.722
143.072
138.474
145.521
144.266
147.794
142.384
139.062
149.553
136.163
134.913
140.048
142.944
143.277
138.559
148.698
149.091
152.566
155.235
144.5
145.626
140.689
142.474
146.52
141.551
147.23
141.959
147.772
143.494
150.576
149.023
141.573
147.98
139.574
144.18
143.343
145.766
150.253
142.915
145.68
147.26
153.776
155.215
147.286
153.724
143.177
147.2
147.544
147.856
150.636
143.567
158.045
154.033
155.815
157.867
142.119
151.874
149.296
149.166
149.326
153.165
152.764
147.399
156.21
153.181
160.668
153.87
142.772
152.363
146.069
151.249
150.781
152.198
157.123
147.45
150.007
147.633
158.413
151.872
139.502
151.493
145.933
144.954
146.074
148.685
152.878
146.574
150.729
147.316
153.281
153.223
145.615
150.588
140.378
153.595
148.724
145.217
154.966
145.584
148.014
147.254
153.569
151.594
140.946
151.187
141.449
145.164
137.303
139.73
144.347
133.852
143.894
139.551
142.067
144.701
131.432
142.806
138.941
140.268
137.459
144.107
143.11
136.258
140.773
142.516
141.516
145.943
139.521
142.724
139.037
136.784
135.822
141.271
142.74
134.742
144.049
142.039
148.938
147.41
141.97
146.028
140.346
148.443
140.964
143.618
144.559
138.316
143.746
146.38
149.73
145.686
135.361
147.049
135.614
141.359
139.97
137.001
140.01
132.056
136.059
139.517
146.463
140.454
132.256
141.772
130.518
136.957
137.656
136.281
143.13
137.07
144.103
140.005
143.923
144.289
136.716
140.091
135.934
140.341
135.36
135.761
142.503
134.331
138.621
138.031
143.801
145.685
136.567
139.139
134.392
136.321
131.201
133.382
131.652
122.898
137.728
131.016
127.692
129.577
114.998
117.013
109.286
111.207
111.657
112.211
116.757
114.561
118.518
117.234
126.29
124.128
119.609
128.269
121.162
124.728
124.339
125.652
132.095
125.442
121.6
125.718
134.66
132.757
116.505
129.622
119.954
123.022
122.382
125.216
130.756
121.652
124.951
126.298
124.046
128.472
122.691
121.35
116.092
122.51
121.458
125.773
127.563
118.136
126.825
128.231
129.042
131.117
118.494
124.266
117.389
125.088
122.032
127.056
126.507
124.742
127.508
130.418
132.834
136.519
121.773
124.625
120.841
123.208
121.769
128.143
128.436
123.94
126.752
126.798
126.804
130.828
121.628
123.103
115.884
121.637
124.982
128.571
126.036
117.957
115.326
112.672
116.449
125.983
118.901
115.188
108.937
110.689
116.411
120.761
127.45
116.537
118.24
116.894
126.972
125.019
108.492
119.292
111.852
117.343
116.278
123.938
122.085
116.416
116.902
122.52
127.641
128.851
110.282
120.852
111.502
119.361
116.548
122.189
128.215
117.905
125.658
121.503
122.152