743879 
437838 
334129 
144879 
118216 
67700  
40537  
38237  
82973  
209691 
444772 
705863 
866805 
512936 
258646 
118313 
83391  
54779  
35135  
23898  
42570  
119306 
171823 
205178 
582398 
826281 
333796 
119613 
79241  
46016  
27181  
21017  
42818  
130157 
145904 
233676 
1030073
965247 
357011 
94143  
57140  
32924  
20759  
16673  
37681  
113811 
152137 
331027 
1029170
379077 
104981 
62400  
40959  
25886  
17774  
12554  
24579  
81610  
100326 
91030  
132543 
122531 
124503 
65655  
51904  
26991  
17250  
11804  
25046  
58237  
81678  
139690 
637310 
416424 
153831 
53473  
32853  
21199  
12785  
10240  
18727  
50769  
69781  
116030 
213056 
237296 
149923 
68779  
36985  
20131  
12461  
10854  
23207  
91588  
355278 
246837 
138164 
79637  
54999  
33910  
25160  
13414  
7933   
6799   
12895  
38463  
58212  
140579 
742251 
280479 
122669 
40592  
20586  
11775  
7917   
6119   
11227  
30244  
40692  
50187  
66470  
82194  
143927 
46999  
19480  
10295  
6231   
5189   
8082   
19012  
27773  
39910  
165773 
231061 
72482  
24996  
13770  
8953   
6005   
4979   
7595   
22502  
38515  
91378  
218346 
126209 
50336  
20589  
11522  
7453   
4785   
3616   
7520   
21202  
31866  
94193  
216228 
68260  
28944  
14163  
12924  
8600   
16420  
31835  
57477  
178603 
409602 
114099 
41679  
21565  
14376  
9270   
8416   
5676   
3833   
3509   
6091   
16549  
20769  
65663  
289430 
160834 
45979  
12696  
7488   
4826   
3425   
2772   
4430   
13727  
19312  
32894  
115353 
236049 
78594  
14470  
7354   
3485   
2625   
1914   
3389   
11355  
11847  
16618  
225842
182613
30066
8166
4634
2289
1686
2628
8430
13009
21642
36929
269099
149499
35462
7811
4256
2695
1775
1473
2384
8062
12256
31424
200554
281568
82214
11716
3947
2664
1136
1238
2428
7425
10982
16560
60151
148819
162520
41823
7459
3928
1012
899
1681
5800
16349