105.923
99.708
109.475
96.917
108.080
108.080
105.289
60.383
103.386
106.685
110.110
93.238
104.655
99.834
97.678
103.133
104.909
103.260
105.416
59.495
103.767
112.774
107.065
96.156
101.230
101.991
105.162
99.200
101.230
103.767
105.416
59.368
99.708
101.610
98.185
87.530
88.925
91.082
98.946
91.082
96.156
97.678
98.439
57.338
98.185
98.059
100.469
92.857
91.969
96.029
104.528
97.932
103.006
106.431
103.640
64.823
105.797
105.289
110.110
100.849
105.162
102.498
115.057
98.312
113.027
113.788
107.192
67.994
106.558
109.095
111.378
96.029
103.640
103.386
107.446
99.200
109.475
107.192
111.378
66.979
105.670
115.818
109.602
97.678
106.685
103.006
107.319
116.833
112.647
115.311
120.639
72.307
116.833
126.093
116.579
107.953
111.505
115.184
122.415
113.408
118.863
124.952
127.616
77.254
121.019
124.825
123.176
113.027
113.915
115.057
124.825
115.945
122.541
127.235
129.518
81.821
126.093
124.571
129.645
119.116
119.624
126.347
137.510
115.818
134.339
133.958
129.645
87.783
126.220
127.996
134.593
113.408
125.332
122.034
132.563
115.438
133.070
130.660
129.138
90.574
122.541
131.802
128.123
108.461
122.541
120.512
118.228
128.250
130.280
123.683
133.705
86.768
125.332
138.525
128.757
112.012
122.288
122.922
129.772
122.288
128.504
129.011
136.369
85.373
128.123
139.413
129.899
116.579
118.609
125.205
139.286
123.556
132.055
136.622
136.622
90.320
133.451
129.772
135.988
118.228
119.624
123.937
130.153
132.563
132.436
136.495
131.929
93.999
133.831
129.772
137.383
120.004
128.250
129.011
146.263
120.131
141.316
143.092
136.749
96.790
134.593
138.398
142.331
121.019
136.749
132.943
147.785
126.220
146.009
143.219
142.838
99.073
132.817
145.756
141.189
121.273
135.607
138.018
125.205
141.316
133.705
127.616
140.174
87.656
126.601
127.996
115.311
101.864
102.372
104.528
108.334
101.230
103.894
109.349
116.452
78.396
110.490
111.632
110.744
100.342
97.297
102.498
115.691
104.274
109.222
112.900
113.788
81.060
109.222
107.699
114.550
100.722
101.206
104.976
116.080
99.119
108.984
110.222
109.265
83.693
107.996
102.537
105.451
94.424
98.518
101.418
104.142
91.362
103.709
102.102
104.414
80.732
94.534
101.949
97.218
84.802
94.953
92.564
93.328
97.041
100.614
97.313
105.375
77.203
97.955
103.111
97.084
88.283
94.691
95.181
100.861
94.962
101.235
99.994
106.527
75.341
101.473
104.017
96.792
91.044
92.481
96.267
105.904
97.291
102.541
107.401
112.937
79.079
105.414
103.853
102.661
94.170
95.367
102.680
104.907
106.318
104.970
106.302
104.111
83.680
106.291
102.547
107.601
94.060
101.932
101.270
114.687
94.761
111.422
111.016
106.997
85.885
106.461
109.454
112.676
97.039
105.313
104.060
110.466
105.317
112.755
108.622
110.835
86.762
103.342
113.554
108.957
92.967