1629.687
1634.646
1641.913
1640.188
1671.526
1685.033
1709.064
1698.525
1698.23 
1674.446
1653.864
1620.633
1586.583
1573.344
1557.613
1577.938
1626.106
1633.524
1634.964
1647.965
1662.876
1644.041
1647.185
1616.954
1610.229
1587.613
1570.825
1583.053
1602.438
1603.134
1619.684
1620.828
1635.608
1640.336
1635.832
1591.974
1618.467
1602.299
1590.206
1616.565
1649.507
1666.731
1682.328
1675.961
1665.385
1688.069
1685.997
1647.219
1621.924
1585.876
1584.184
1590.659
1612.401
1624.184
1654.336
1659.348
1683.513
1672.597
1687.034
1652.785
1643.391
1607.708
1601.011
1601.378
1611.678
1608.957
1624.436
1614.321
1619.692
1606.658
1604.002
1562.852
1544.253
1500.274
1481.772
1501.631
1519.542
1546.497
1550.013
1545.382
1551.463
1537.692
1521.745
1507.416
1500.682
1481.675
1511.551
1517.575
1561.043
1574.812
1559.004
1570.148
1592.273
1597.809
1599.519
1559.759
1569.77 
1568.605
1586.947
1614.074
1651.983
1650.702
1661.499
1668.858
1652.49 
1649.419
1671.784
1646.975
1642.103
1635.355
1620.118
1624.089
1657.542
1642.303
1643.652
1621.628
1614.843
1585.057
1570.507
1492.931
1477.448
1466.21 
1476.302
1505.432
1517.741
1525.954
1539.634
1531.794
1526.91 
1506.655
1505.414
1467.547
1478.528
1472.902
1484.056
1521.526
1555.265
1563.02 
1568.33 
1548.249
1578.94 
1576.99 
1587.757
1586.349
1590.645
1576.425
1572.822
1588.439
1610.944
1616.137
1610.814
1596.346
1574.063
1573.034
1578.466
1547.91 
1504.403
1460.452
1474.478
1496.082
1532.9  
1559.756
1570.434
1571.972
1597.968
1601.678
1598.206
1568.303
1556.354
1557.13 
1570.788
1580.367
1610.065
1630.882
1646.102
1654.216
1641.501
1637.187
1656.22 
1644.805
1631.066
1646.402
1644.426
1685.81 
1713.593
1723.49 
1727.179
1699.944
1688.275
1700.287
1713.34 
1681.551
1696.514
1702.995
1674.831
1684.091
1707.169
1712.513
1726.74 
1746.561
1768.87 
1752.641
1728.775
1703.049
1706.809
1648.933
1660.261
1676.613
1706.518
1712.479
1716.222
1698.588
1699.464
1690.449
1672.428
1647.633
1659.07 
1645.959
1637.298
1648.913
1656.603
1668.491
1680.705
1693.096
1686.87 
1693.553
1714.474
1719.144
1747.478
1758.414
1784.196
1797.303
1812.794
1826.007
1831.772
1815.681
1830.408
1807.079
1795.899
1758.336
1764.315
1763.107
1766    
1788.986
1809.301
1820.175
1834.077
1840.359
1839.14 
1825.121
1805.252
1771.617
1786.25 
1757.213
1753.412
1756.41 
1783.986
1785.716
1792.659
1772.387
1757.624
1745.599
1745.567
1724.807
1744.075
1739.302
1755.85 
1757.494
1770.841
1783.681
1786.235
1774.231
1792.475
1782.621
1782.571
1778.556
1781.006
1759.744
1762.487
1777.006
1786.562
1788.95 
1787.65 
1791.847
1801.428
1777.483
1756.464
1727.885
1714.552
1715.843
1723.95 
1751.766
1781.534
1785.307
1789.362
1795.063
1808.17 
1801.76 
1811.126
1825.441
1847.42 
1847.841
1881.064
1907.095
1928.459
1938.598
1936.37 
1958.37 
1967.709
1975.254
1989.222
1982.022
2013.657
2017.956
2024.345
2035.178
2050.532
2049.443
2066.491
2066.35 
2051.217
2053.013
2056.225
2029.572
2052.687
2049.111
2030.437
2028.35 
2033.956
2009.883
1998.459
1987.216
1977.78 
1941.2  
1923.312
1894.57 
1879.442
1875.509
1861.751
1864.103
1870.48 
1867.238
1872.283
1891.511
1931.6  
1916.094
1910.332
1911.543