28.539 
19.226 
47.989 
58.151 
78.360 
93.766 
112.663
195.670
93.682 
92.628 
39.690 
27.476 
21.650 
22.010 
28.597 
73.819 
104.410
102.123
194.375
210.830
120.721
95.603 
34.878 
36.352 
27.527 
26.012 
43.905 
73.662 
100.375
113.019
166.270
213.508
131.332
104.340
45.356 
39.106 
25.832 
35.959 
54.003 
115.854
129.021
149.072
201.887
271.876
161.844
106.367
48.909 
37.686 
24.808 
31.720 
45.406 
102.289
127.535
144.394
182.531
265.452
155.919
124.844
62.063 
48.092 
38.335 
46.537 
115.992
187.615
176.912
200.339
306.791
395.718
242.034
242.083
115.032
71.059 
45.473 
42.583 
79.446 
167.408
238.792
277.003
313.635
481.347
330.959
253.238
90.403 
97.997 
31.673 
40.816 
67.162 
141.881
178.577
208.376
298.456
393.573
240.867
194.769
101.881
69.967 
34.533 
36.359 
114.225
126.664
214.741
227.000
324.383
460.536
271.375
226.921
107.292
63.970 
38.193 
34.747 
84.433 
205.254
239.668
273.370
384.685
501.764
310.759
265.846
122.149
78.131 
47.953 
38.554 
114.155
233.114
290.969
328.505
399.878
515.006
325.175
296.200
174.726
115.627
59.724 
40.915 
157.687
225.302
349.936
390.185
416.824
547.108
387.725
329.095
222.240
110.235
90.125 
77.088 
146.232
273.254
322.005
330.362
424.076
532.897
380.560
287.602
226.738
110.757
83.650 
69.397 
141.739
289.359
364.134
384.602
452.425
586.812
406.252
355.843
183.927
126.351
100.297
86.417 
143.579
339.418
397.780
389.652
560.073
660.345
455.706
387.816
202.363
111.616
95.367 
76.499 
131.158
297.296
337.547
381.194
443.809
528.543
437.074
366.261
195.663
132.108
108.690
88.105 
161.158
298.932
375.914
408.948
474.311
564.940
414.560
363.763
228.880
139.928
128.824
96.003 
166.932
281.655
322.920
376.995
414.543
583.815
401.026
362.424
202.720
121.938
120.494
99.452 
155.759
286.145
373.222
393.543
466.552
621.605
404.970
404.356
242.493
140.192
113.882
123.515
184.000
307.469
355.504
410.833
564.624
637.503
461.807
466.419
187.176
146.228
108.608
113.181
180.832
367.366
390.982
418.084
541.066
644.139
484.138
444.518
256.672
187.412
150.472
140.230
211.692
415.643
405.515
457.320
571.068
643.264
523.964
505.388
275.826
173.576