10406167
11451100
14212113
17472798
21966528
24313223
28531434
31967269
26750512
21402806
11875758
10189931
9828017
11453033
14537790
18006005
20998662
24084087
28181545
31282474
26175432
20400125
11871141
10325261
10132886
11753586
14516657
18085751
21063744
23896573
28657024
32004309
26584837
20014768
11920037
10051397
9797644
11501625
15746849
15757341
20427391
22781459
27712422
32147463
25483036
19395671
11536070
10267810
10088783
11135676
14414114
17483719
20977540
24047255
28557092
33851008
25943815
19635547
11600240
10426118
10404685
12278676
14731784
17537681
20624722
23776940
29131986
34472302
26878757
21180295
12294550
11384786
11088055
12430710
16184767
16480644
22318874
25042689
31022067
35857571
28313666
22163277
13162420
11572418
12075662
13221070
16370344
21185887
23734897
27996368
34105558
37636214
29918731
23372257
14269663
13141207
12356394
13555040
17428802
21690169
23486608
28459008
34315590
38132493
30142242
23476804
15289839
13356493
12710146
14831691
19216126
19300764
25060656
27737509
34559658
37945216
29305643
22253202
13685099
11946130
11203819
12527991
15536341
19591068
22661503
26082353
32764251
36192581
27387006
21752259
13255271
12030368
11308373
13108750
16752851
19843019
23982979
27357010
34909440
39085826
29696355
23976893
14363392
12778595
12183118
14238644
18086818
22618769
24670723
30704218
37980214
41694917
32099863
24764256
14674921
13044798
12600203
14163457
17393498
21445224
24628932
30243838
37395658
40581091
32045387
23909187
13854509
12398564
11887105
13104722
18815829
19135958
26359256
30808604
37670863
41900828
32647844
25015770
15087587
13595795
12807505
13875208
18129451
22298622
26691702
31567799
37641540
42991384
33858937
26243441
15113125
14041916
13342087
14513335
18596568
23087381
28041622
32092513
39850064
44813404
34918861
28073790
15862738
15043365
14470851
16379849
22022933
23056973
30401275
34430872
42948946
46502956
37218422
30587997
17134705
16013165
15200690
16346534
20508641
27549426
31439920
36646402
43624461
46657187
37961599
30898617
17537436
16211799
15398077
16511496
21965769
25309572
31954789
36198765
42698817
46393669
37818032
31139207
18236555
16626731