65.1176
65.5655
65.8774
66.3416
66.7696
67.1945
67.8492
68.1207
68.8962
69.5256
70.2287
71.2431
71.951
72.4952
73.3644
74.1351
74.7356
75.8624
76.7688
77.6722
78.9107
79.879
80.746
81.6371
82.4521
83.1072
83.9345
84.5294
85.0104
85.6495
86.1677
86.8148
87.6715
88.2668
88.8726
89.7854
90.3309
91.0314
91.9487
92.5145
93.4502
94.4028
95.298
96.2943
97.3373
98.3537
99.3247
100.2681
101.2937
102.1151
102.9436
103.8294
104.303
104.3612
103.5727
102.5294
100.8896
99.9126
99.602
99.5395
99.8398
100.0214
100.07
100.0687
99.7077
99.2299
98.8268
98.2405
97.3878
96.4614
95.7487
94.813
94.4877
94.4088
94.3441
94.6135
94.9875
95.3544
96.0031
96.7233
97.857
98.7685
99.7277
100.6769
101.356
102.0443
102.8224
103.4033
104.2456
105.1568
105.829
106.5982
107.263
107.9003
108.4781
109.0791