85485
84873
105810
91076
95564
93946
107865
75211
51849
77259
70702
66374
67999
70579
77765
82800
84266
84641
102484
60327
57349
81915
71270
72605
87950
87520
99161
94201
86357
96992
111324
51450
61320
74330
69783
88066
43143
60891
77092
67523
69437
77284
90287
49918
52187
58109
57969
64010
54977
64490
88819
72145
89907
98017
104812
65899
65201
71931
68761
93754
54513
66954
95812
74758
82887
104472
77071
52236
52302
63463
66334
79598
59913
77137
100551
79007
87914
83813
108856
55237
63487
84889
75800
91657
73652
78974
103278
95946
94226
100062
126439
64475
69501
95614
84340
104276
78497
94134
119932
108080
106831
124228
146735
71952
79380
110512
110553
127535
88540
115852
157239
120980
131023
155878
170422
89974
97462
121141
124066
129954
102859
129416
155433
130722
134991
152984
158493
90741
91538
106697
109140
104146
98854
123547
141694
127731
141471
157402
168514
93625
88246
118303
113488
125974
100564
110766
119562
119320
134450
130949
159629
85148
86657
118913
104099
120282
98424
129118
105769
129003
128330
147037
173071
90285
101615
132595
120524
136795
108817
130625
166062
136515
142295
170875
181139
98512
108920
130883
136870
142276
115394
130875
162060
146985
153564
173667
175905
107726
114825
119665
132625
143423
115493
128836
176081
131635
155806
171030
169038
105193
107511
128178
135142
136723
125985
123327
175327
123825
155402
167880
168613
100791
98673
130445
125387
138146
104958
124837
126357
125526
118085
116656
123971
60723
67363
79684
64346
72766
60662
63297
77101
67828
72302
98296
110678
60404
79329
100731
88484
92087
71260
93070
126654
95415
104497
122610
83840
46572
51262
62592
65706
69964
54416
67028
88947
72413
79317
84004
79591
48262
56326
58366
52734
66886
55447
65202
85059
56859
73520
74191
66249
50351
36309
39529
42399
52044
50729
59419
73892
56023
71861
74488
77425
41706
47056
62260
55205
62239
53360
70914
81812
82321
84852
92520
80707
48102
59775
79645
68075
76693
70863
89965
115785
86299
97768
115536
108646
60733
76601
86664
87521
94614
81731
104006
119302
107444
120060
131759
114862
69985
86478
90041
99985
104419
91897
106556
135459
109396
136168
141251
119773
80582
91471
103840
113190
110855
109326
119598
137820
125642
145122
151747
139406
114999
76247
97114
100130
106941
