14.585 
17.614
27.795
28.286
38.047
45.946
25.620
 6.548
 3.053
 6.521
13.247
13.428
10.979
14.643
22.226
29.786
45.323
48.742
29.193
 7.557
 2.467
 3.466
 6.143
 8.156
10.627
13.244
21.282
24.763
35.182
38.172
21.870
 4.777
 1.920
 3.536
 8.590
10.074
13.004
17.072
26.202
31.973
46.155
45.705
23.515
4.755
1.830
3.048
6.336
9.069
9.371
13.513
22.058
28.070
33.080
32.689
18.859
4.348
1.746
3.337
6.888
9.680
13.364
18.990
28.786
26.866
34.809
33.939
18.217
4.198
1.663
2.847
5.196
8.060
11.441
12.445
18.093
23.049
33.809
45.195
23.086
5.274
2.292
3.893
7.511
10.529
12.737
17.118
28.384
27.064
29.804
29.954
12.754
3.141
1.386
2.462
6.063
8.147
12.373
20.031
34.184
36.520
47.183
45.185
19.614
4.666
1.704
2.560
5.504
8.242
8.843
11.527
16.963
18.645
26.342
26.380
11.627
3.051
1.680
3.556
7.011
10.571
14.280
19.425
28.406
24.795
28.483
29.184
13.941
3.076
1.486
2.536
5.201
7.332
12.202
15.278
21.500
23.671
25.005
23.660
12.260
3.639
1.820
2.521
4.765
7.069
9.357
10.627
12.646
14.169
20.234
20.491
10.399
2.838
1.664
3.408
7.265
10.731
11.787
12.860
18.793
17.711
22.858
21.634
10.310
3.375
2.721
4.774
7.433
7.607
10.781
14.333
20.823
19.786
22.825
22.986
12.298
3.625
2.732
5.524
10.481
11.699
11.356
11.424
17.036
18.585
20.437
19.453
10.482
3.526
2.637
5.175
7.862
9.122
10.151
12.463
18.272
18.115
20.517
20.359
12.210
4.069
2.778
5.637
9.305
10.340
9.033
14.339
15.123
18.671
24.827
18.429
4.819
2.527
4.960
7.037
10.037
10.933
12.061
11.304
16.831
19.877
22.507
28.652
15.171
4.389
2.888
5.761
9.500
12.690
11.696
11.137
18.256
20.082
27.523
29.023
16.527
4.348
2.731
6.336
10.466
12.586
13.386
14.395
16.272
16.825
20.513
19.258
9.109
2.400
1.301
2.240
4.259